{
  "accessors": [
    {
      "bufferView": 2,
      "componentType": 5126,
      "count": 3000,
      "max": [
        0.83175069093704224,
        0.12879398465156555,
        0.94990909099578857
      ],
      "min": [
        -0.99217516183853149,
        -0.35938432812690735,
        -0.94990909099578857
      ],
      "type": "VEC3"
    },
    {
      "bufferView": 2,
      "byteOffset": 36000,
      "componentType": 5126,
      "count": 3000,
      "max": [
        1,
        1,
        0.99998772144317627
      ],
      "min": [
        -1,
        -1,
        -0.99998772144317627
      ],
      "type": "VEC3"
    },
    {
      "bufferView": 1,
      "componentType": 5126,
      "count": 3000,
      "max": [
        1.0000001192092896,
        1.0000001192092896
      ],
      "min": [
        0,
        0
      ],
      "type": "VEC2"
    },
    {
      "bufferView": 0,
      "componentType": 5125,
      "count": 13440,
      "max": [
        2999
      ],
      "min": [
        0
      ],
      "type": "SCALAR"
    },
    {
      "bufferView": 2,
      "byteOffset": 72000,
      "componentType": 5126,
      "count": 13609,
      "max": [
        0.52845132350921631,
        0.52845138311386108,
        0.54131549596786499
      ],
      "min": [
        -0.52845132350921631,
        -0.52845126390457153,
        -0.51588791608810425
      ],
      "type": "VEC3"
    },
    {
      "bufferView": 2,
      "byteOffset": 235308,
      "componentType": 5126,
      "count": 13609,
      "max": [
        0.99971520900726318,
        0.99999344348907471,
        1
      ],
      "min": [
        -0.99971520900726318,
        -0.99971520900726318,
        -1
      ],
      "type": "VEC3"
    },
    {
      "bufferView": 1,
      "byteOffset": 24000,
      "componentType": 5126,
      "count": 13609,
      "max": [
        0.8254203200340271,
        0.92530268430709839
      ],
      "min": [
        0.081612333655357361,
        0.24526950716972351
      ],
      "type": "VEC2"
    },
    {
      "bufferView": 0,
      "byteOffset": 53760,
      "componentType": 5125,
      "count": 40704,
      "max": [
        13608
      ],
      "min": [
        0
      ],
      "type": "SCALAR"
    },
    {
      "bufferView": 2,
      "byteOffset": 398616,
      "componentType": 5126,
      "count": 1904,
      "max": [
        0.062295958399772644,
        -0.047799292951822281,
        0.52663946151733398
      ],
      "min": [
        -0.062295954674482346,
        -0.16234055161476135,
        0.44657930731773376
      ],
      "type": "VEC3"
    },
    {
      "bufferView": 2,
      "byteOffset": 421464,
      "componentType": 5126,
      "count": 1904,
      "max": [
        0.99976122379302979,
        0.99959027767181396,
        0.99931681156158447
      ],
      "min": [
        -0.99976122379302979,
        -0.99997794628143311,
        -0.069858893752098083
      ],
      "type": "VEC3"
    },
    {
      "bufferView": 1,
      "byteOffset": 132872,
      "componentType": 5126,
      "count": 1904,
      "max": [
        0.081612370908260345,
        0.92530262470245361
      ],
      "min": [
        0.081612333655357361,
        0.92530238628387451
      ],
      "type": "VEC2"
    },
    {
      "bufferView": 0,
      "byteOffset": 216576,
      "componentType": 5125,
      "count": 5376,
      "max": [
        1903
      ],
      "min": [
        0
      ],
      "type": "SCALAR"
    },
    {
      "bufferView": 2,
      "byteOffset": 444312,
      "componentType": 5126,
      "count": 1960,
      "max": [
        0.21073645353317261,
        0.18509289622306824,
        0.34444090723991394
      ],
      "min": [
        -0.14605347812175751,
        -0.43629249930381775,
        -0.068533137440681458
      ],
      "type": "VEC3"
    },
    {
      "bufferView": 2,
      "byteOffset": 467832,
      "componentType": 5126,
      "count": 1960,
      "max": [
        0.99946939945220947,
        0.9987492561340332,
        0.99762099981307983
      ],
      "min": [
        -0.99787205457687378,
        -0.99931144714355469,
        -0.99996662139892578
      ],
      "type": "VEC3"
    },
    {
      "bufferView": 1,
      "byteOffset": 148104,
      "componentType": 5126,
      "count": 1960,
      "max": [
        0.10627478361129761,
        0.91587257385253906
      ],
      "min": [
        0.10627474635839462,
        0.91587227582931519
      ],
      "type": "VEC2"
    },
    {
      "bufferView": 0,
      "byteOffset": 238080,
      "componentType": 5125,
      "count": 5376,
      "max": [
        1959
      ],
      "min": [
        0
      ],
      "type": "SCALAR"
    },
    {
      "bufferView": 2,
      "byteOffset": 491352,
      "componentType": 5126,
      "count": 1256,
      "max": [
        0.1787184476852417,
        0.32077318429946899,
        0.17516502737998962
      ],
      "min": [
        -0.17857241630554199,
        -0.25689828395843506,
        -0.17483983933925629
      ],
      "type": "VEC3"
    },
    {
      "bufferView": 2,
      "byteOffset": 506424,
      "componentType": 5126,
      "count": 1256,
      "max": [
        0.99998807907104492,
        0.99999964237213135,
        0.99992704391479492
      ],
      "min": [
        -0.99983179569244385,
        -0.99950098991394043,
        -0.99992704391479492
      ],
      "type": "VEC3"
    },
    {
      "bufferView": 1,
      "byteOffset": 163784,
      "componentType": 5126,
      "count": 1256,
      "max": [
        0.14062505960464478,
        0.94140642881393433
      ],
      "min": [
        0.14062501490116119,
        0.94140613079071045
      ],
      "type": "VEC2"
    },
    {
      "bufferView": 0,
      "byteOffset": 259584,
      "componentType": 5125,
      "count": 3840,
      "max": [
        1255
      ],
      "min": [
        0
      ],
      "type": "SCALAR"
    },
    {
      "bufferView": 2,
      "byteOffset": 521496,
      "componentType": 5126,
      "count": 1139,
      "max": [
        0.2385527491569519,
        0.14687860012054443,
        0.36623269319534302
      ],
      "min": [
        -0.2385527640581131,
        -0.091623902320861816,
        -0.21337738633155823
      ],
      "type": "VEC3"
    },
    {
      "bufferView": 2,
      "byteOffset": 535164,
      "componentType": 5126,
      "count": 1139,
      "max": [
        0.99651235342025757,
        0.99960410594940186,
        0.98270875215530396
      ],
      "min": [
        -0.99651235342025757,
        -1,
        -0.99635785818099976
      ],
      "type": "VEC3"
    },
    {
      "bufferView": 1,
      "byteOffset": 173832,
      "componentType": 5126,
      "count": 1139,
      "max": [
        1.3238810300827026,
        1.0757890939712524
      ],
      "min": [
        0,
        0
      ],
      "type": "VEC2"
    },
    {
      "bufferView": 0,
      "byteOffset": 274944,
      "componentType": 5125,
      "count": 3840,
      "max": [
        1138
      ],
      "min": [
        0
      ],
      "type": "SCALAR"
    },
    {
      "bufferView": 2,
      "byteOffset": 548832,
      "componentType": 5126,
      "count": 4139,
      "max": [
        0.2385527491569519,
        0.14696227014064789,
        0.36673140525817871
      ],
      "min": [
        -0.2385527640581131,
        -0.091623902320861816,
        -0.21356773376464844
      ],
      "type": "VEC3"
    },
    {
      "bufferView": 2,
      "byteOffset": 598500,
      "componentType": 5126,
      "count": 4139,
      "max": [
        0.99758362770080566,
        0.9997866153717041,
        0.99996757507324219
      ],
      "min": [
        -0.99758362770080566,
        -1,
        -0.9996185302734375
      ],
      "type": "VEC3"
    },
    {
      "bufferView": 1,
      "byteOffset": 182944,
      "componentType": 5126,
      "count": 4139,
      "max": [
        1.3238810300827026,
        1.0757890939712524
      ],
      "min": [
        0,
        0
      ],
      "type": "VEC2"
    },
    {
      "bufferView": 0,
      "byteOffset": 290304,
      "componentType": 5125,
      "count": 15360,
      "max": [
        4138
      ],
      "min": [
        0
      ],
      "type": "SCALAR"
    },
    {
      "bufferView": 2,
      "byteOffset": 648168,
      "componentType": 5126,
      "count": 1538,
      "max": [
        0.088904105126857758,
        0.04802771657705307,
        0.047538302838802338
      ],
      "min": [
        -0.088919863104820251,
        -0.047871764749288559,
        -0.047538306564092636
      ],
      "type": "VEC3"
    },
    {
      "bufferView": 2,
      "byteOffset": 666624,
      "componentType": 5126,
      "count": 1538,
      "max": [
        1,
        1,
        1
      ],
      "min": [
        -1,
        -1,
        -1
      ],
      "type": "VEC3"
    },
    {
      "bufferView": 0,
      "byteOffset": 351744,
      "componentType": 5125,
      "count": 9216,
      "max": [
        1537
      ],
      "min": [
        0
      ],
      "type": "SCALAR"
    }
  ],
  "asset": {
    "extras": {
      "author": "Garu Games (https://sketchfab.com/garugames)",
      "license": "SKETCHFAB Editorial (https://sketchfab.com/licenses)",
      "source": "https://sketchfab.com/3d-models/kirby-star-allies-a272022bbaa84263ab8eed47b82a0200",
      "title": "Kirby Star Allies ⭐"
    },
    "generator": "Sketchfab-9.11.0",
    "version": "2.0"
  },
  "bufferViews": [
    {
      "buffer": 0,
      "byteLength": 388608,
      "byteOffset": 0,
      "name": "floatBufferViews",
      "target": 34963
    },
    {
      "buffer": 0,
      "byteLength": 216056,
      "byteOffset": 388608,
      "byteStride": 8,
      "name": "floatBufferViews",
      "target": 34962
    },
    {
      "buffer": 0,
      "byteLength": 685080,
      "byteOffset": 604664,
      "byteStride": 12,
      "name": "floatBufferViews",
      "target": 34962
    }
  ],
  "buffers": [
    {
      "byteLength": 1289744,
      "uri": "scene.bin"
    }
  ],
  "images": [
    {
      "uri": "textures/Kirby_baseColor.png"
    }
  ],
  "materials": [
    {
      "doubleSided": true,
      "emissiveFactor": [
        0,
        0,
        0
      ],
      "name": "Star",
      "pbrMetallicRoughness": {
        "baseColorFactor": [
          0.93098142449999999,
          0.47749968929999997,
          0,
          1
        ],
        "metallicFactor": 0.62188771139999999,
        "roughnessFactor": 0.73133082829999996
      }
    },
    {
      "doubleSided": true,
      "name": "Kirby",
      "pbrMetallicRoughness": {
        "baseColorFactor": [
          1,
          1,
          1,
          1
        ],
        "baseColorTexture": {
          "index": 0,
          "texCoord": 0
        },
        "metallicFactor": 0,
        "roughnessFactor": 1
      }
    },
    {
      "doubleSided": true,
      "emissiveFactor": [
        0,
        0,
        0
      ],
      "name": "Mouth",
      "pbrMetallicRoughness": {
        "baseColorFactor": [
          0.20027800000000001,
          0.0011038599999999999,
          0.00558466,
          1
        ],
        "metallicFactor": 0,
        "roughnessFactor": 0.5
      }
    },
    {
      "doubleSided": true,
      "emissiveFactor": [
        0,
        0,
        0
      ],
      "name": "Boots",
      "pbrMetallicRoughness": {
        "baseColorFactor": [
          0.91731600000000002,
          0.0060610000000000004,
          0.073707999999999996,
          1
        ],
        "metallicFactor": 0,
        "roughnessFactor": 0.5
      }
    },
    {
      "doubleSided": true,
      "emissiveFactor": [
        0,
        0,
        0
      ],
      "name": "Tongue",
      "pbrMetallicRoughness": {
        "baseColorFactor": [
          0.73046100000000003,
          0.027320899999999999,
          0.046665100000000001,
          1
        ],
        "metallicFactor": 0,
        "roughnessFactor": 0.59999999999999998
      }
    }
  ],
  "meshes": [
    {
      "primitives": [
        {
          "attributes": {
            "NORMAL": 1,
            "POSITION": 0,
            "TEXCOORD_0": 2
          },
          "indices": 3,
          "material": 0,
          "mode": 4
        }
      ]
    },
    {
      "primitives": [
        {
          "attributes": {
            "NORMAL": 5,
            "POSITION": 4,
            "TEXCOORD_0": 6
          },
          "indices": 7,
          "material": 1,
          "mode": 4
        }
      ]
    },
    {
      "primitives": [
        {
          "attributes": {
            "NORMAL": 9,
            "POSITION": 8,
            "TEXCOORD_0": 10
          },
          "indices": 11,
          "material": 2,
          "mode": 4
        }
      ]
    },
    {
      "primitives": [
        {
          "attributes": {
            "NORMAL": 13,
            "POSITION": 12,
            "TEXCOORD_0": 14
          },
          "indices": 15,
          "material": 1,
          "mode": 4
        }
      ]
    },
    {
      "primitives": [
        {
          "attributes": {
            "NORMAL": 17,
            "POSITION": 16,
            "TEXCOORD_0": 18
          },
          "indices": 19,
          "material": 1,
          "mode": 4
        }
      ]
    },
    {
      "primitives": [
        {
          "attributes": {
            "NORMAL": 21,
            "POSITION": 20,
            "TEXCOORD_0": 22
          },
          "indices": 23,
          "material": 3,
          "mode": 4
        }
      ]
    },
    {
      "primitives": [
        {
          "attributes": {
            "NORMAL": 25,
            "POSITION": 24,
            "TEXCOORD_0": 26
          },
          "indices": 27,
          "material": 3,
          "mode": 4
        }
      ]
    },
    {
      "primitives": [
        {
          "attributes": {
            "NORMAL": 29,
            "POSITION": 28
          },
          "indices": 30,
          "material": 4,
          "mode": 4
        }
      ]
    }
  ],
  "nodes": [
    {
      "children": [
        1
      ],
      "name": "RootNode (gltf orientation matrix)",
      "rotation": [
        -0.70710678118654746,
        -0,
        -0,
        0.70710678118654757
      ]
    },
    {
      "children": [
        2
      ],
      "name": "RootNode (model correction matrix)"
    },
    {
      "children": [
        3
      ],
      "name": "root"
    },
    {
      "children": [
        4,
        6
      ],
      "matrix": [
        1,
        0,
        0,
        0,
        0,
        2.2204460492503131e-16,
        1,
        0,
        0,
        -1,
        2.2204460492503131e-16,
        0,
        0,
        0,
        0,
        1
      ],
      "name": "GLTF_SceneRootNode"
    },
    {
      "children": [
        5
      ],
      "matrix": [
        1,
        0,
        0,
        0,
        0,
        1,
        0,
        0,
        0,
        0,
        1,
        0,
        0,
        0.36089569330215454,
        0,
        1
      ],
      "name": "Star_0"
    },
    {
      "mesh": 0,
      "name": ""
    },
    {
      "children": [
        7,
        8,
        9,
        11,
        13,
        15,
        17
      ],
      "matrix": [
        0.72998460178066882,
        0.16823493584463664,
        -0.66243451565001454,
        0,
        -0.46076633213602491,
        0.83699483973901057,
        -0.29518473100785936,
        0,
        0.50479388698064953,
        0.5207078303728675,
        0.68851033910562909,
        0,
        0,
        0.86877954006195068,
        0,
        1
      ],
      "name": "Kirby_11"
    },
    {
      "mesh": 1,
      "name": ""
    },
    {
      "mesh": 2,
      "name": ""
    },
    {
      "children": [
        10
      ],
      "matrix": [
        -0.98853617621665224,
        0.073995256769644982,
        0.13160900533988731,
        0,
        -0.10863980574416517,
        -0.95392712639087884,
        -0.27967915571867502,
        0,
        0.10485046933051963,
        -0.29077093993594877,
        0.95103030423322188,
        0,
        0.333168625831604,
        -0.41449055075645447,
        -0.054465837776660919,
        1
      ],
      "name": "Arm-L_5"
    },
    {
      "mesh": 3,
      "name": ""
    },
    {
      "children": [
        12
      ],
      "matrix": [
        0.83415870017646843,
        0.52925388055459865,
        0.15514378117669861,
        0,
        -0.53954542524364324,
        0.72477911180299892,
        0.42846933751753141,
        0,
        0.1143240876568051,
        -0.44111854303798509,
        0.89013731186232414,
        0,
        -0.41583573818206787,
        0.21137812733650208,
        0.0589790940284729,
        1
      ],
      "name": "Arm-R_6"
    },
    {
      "mesh": 4,
      "name": ""
    },
    {
      "children": [
        14
      ],
      "matrix": [
        0.026958102177475185,
        0.38564300247776051,
        -0.92225415985341419,
        0,
        -0.84226463754867875,
        0.50565603675494164,
        0.18682144638204129,
        0,
        0.53838976686224416,
        0.7717457140361863,
        0.33844499081061197,
        0,
        0.51610440015792847,
        -0.31592023372650146,
        -0.080838367342948914,
        1
      ],
      "name": "Foot-L_8"
    },
    {
      "mesh": 5,
      "name": ""
    },
    {
      "children": [
        16
      ],
      "matrix": [
        0.74889742045985774,
        -0.089527748537050506,
        0.65661056637131388,
        0,
        0.58479080227642333,
        0.55536575760799756,
        -0.59126017356946359,
        0,
        -0.3117248325069214,
        0.82677303869827634,
        0.4682669871773476,
        0,
        -0.40313857793807983,
        -0.33716684579849243,
        0.28757652640342712,
        1
      ],
      "name": "Foot-R_9"
    },
    {
      "mesh": 6,
      "name": ""
    },
    {
      "children": [
        18
      ],
      "matrix": [
        0.98205918883865573,
        -0.18796273475043554,
        -0.015157835026772079,
        0,
        0.16823491164109247,
        0.83699482936462821,
        0.52070785486872662,
        0,
        -0.085186642865388448,
        -0.51391601061069736,
        0.85360035726053352,
        0,
        4.3213367462158203e-06,
        -0.12742674350738525,
        0.4431946873664856,
        1
      ],
      "name": "Tongue_10"
    },
    {
      "mesh": 7,
      "name": ""
    }
  ],
  "samplers": [
    {
      "magFilter": 9729,
      "minFilter": 9987,
      "wrapS": 10497,
      "wrapT": 10497
    }
  ],
  "scene": 0,
  "scenes": [
    {
      "name": "OSG_Scene",
      "nodes": [
        0
      ]
    }
  ],
  "textures": [
    {
      "sampler": 0,
      "source": 0
    }
  ]
}

